600720
000877
600425
600801
002342
000983
000012
002051
002595
600545
600507
002299
000401
600509
600575
600808
000937
600970
601699
002233
600251
600409
600169
600617
000528
600586
600614
601880
600282
002310
600881
600496
600039
600320
600348
000552
601666
600428
600761
000400
002635
601908
601001
000680
601965
000612
002128
600971
000596
000426
600487
600426
600497
000088
600395
600175
600755
600176
600058
002271
601126
000592
601000
002028
600183
600717
000758
000581
000878
002325
600166
600468
000762
002375
000517
600587
600108
000897
600017
600335
600219
600500
000777
603589
002244
600132
000900
600525
600312
601369
600498
601010
600026
600397
600776
002714
600729
601886
300291
300287
600635
000078
000667
002503
601226
000926
000671
600220
000158
002727
600811
600825
000028
600743
600787
002267
002646
600270
000008
002505
600456
603699
601002
000652
600329
002466
600511
600433
601233
600499
002663
002029
600004
002498
601929
002640
600436
000816
600510
600601
002268
600594
002118
600565
002002
002477
000726
002603
002444
600195
600112
000620
600482
601801
600880
600259
600138
603001
600611
600284
002573
600517
600643
600773
600266
601678
002572
002489
000786
600640
603568
600289
600597
000861
002238
300274
000616
002073
002050
002440
000598
002005
000488
600812
600831
002181
601012
600823
600064
000417
000600
000021
600864
600410
002344
000685
002588
600062
600216
002277
002217
002281
603555
603169
601168
601005
600884
600859
600851
600757
600736
600673
600657
600655
600645
600633
600551
600171
600161
600151
600143
600067
600006
300182
300134
300115
300088
002745
002681
002426
002400
002396
002392
002242
002194
002168
002092
002025
002011
000979
000930
000887
000829
000727
000697
000690
000050
600835
603188
600563
002293
600418
000939
600073
000860
300039
600478
600516
600759
000669
000973
000543
002285
600790
600056
002049
600292
000830
300273
601311
600483
600240
000969
002064
002311
002408
000703
002390
002463
000631
000513
600125
000062
603806
000869
600664
002048
002366
002332
603198
600874
600094
603883
600748
601515
600978
002030
600557
002093
000541
600422
002001
600682
000418
002672
600528
000656
002038
600200
600580
603005
600754
300026
002085
600088
600187
600086
600694
002041
002551
000090
002665
000970
601155
600917
002508
002340
600236
600826
600122
002354
600460
600503
002317
000563
600458
300147
002249
600894
002190
000566
600325
000988
603328
600639
002022
002223
600572
600850
000099
600198
002056
600805
002698
000030
002701
000031
600967
000661
000501
603567
600869
300202
002308
300244
600267
002699
601777
002373
600160
603355
000572
000848
600628
002589
000066
000810
002074
600120
002327
600388
000919
300072
603077
002358
000997
002004
600651
002428
600300
600392
002678
600993
002482
600141
002431
002266
300199
300001
002191
002078
000006
002106
000961
300032
600380
002063
002161
600277
002315
300253
600522
600584
600351
600536
002269
002437
600366
600596
600750
002155
002276
603698
000998
002013
000587
002309
002221
600699
000547
002345
600751
002479
002405
002410
600280
600872
002254
002261
300257
002122
002131
600687
600053
001696
600618
600180
002251
600809
002368
300010
002657
600298
600770
600260
600537
002642
600201
002250
000681
300113
603766
300043
002273
600623
002461
002216
300055
000049
600765
601717
002439
603019
600079
600521
600059
000975
600879
002512
002371
002624
002353
603025
600435
600466
000550
600481
002414
002384
300166
000519
002179
000636
000931
600416
600316
002602
600184
600158
