000001
000002
000012
000024
000039
000046
000050
000060
000063
000069
000070
000089
000157
000333
000401
000402
000422
000423
000428
000429
000488
000528
000538
000541
000553
000568
000576
000610
000616
000619
000623
000625
000628
000651
000659
000679
000680
000698
000713
000715
000726
000729
000758
000759
000767
000768
000777
000785
000792
000800
000802
000809
000825
000829
000830
000839
000848
000851
000858
000869
000876
000878
000888
000895
000898
000911
000930
000933
000951
000963
000966
000978
000983
000987
000989
000998
002003
002004
002008
002017
002018
002021
002022
002024
002025
002029
002032
002033
002035
002041
002049
002051
002071
002143
002174
002236
002294
002304
002415
002504
002508
300360
300406
300446
300484
600004
600008
600009
600010
600011
600012
600018
600019
600020
600027
600028
600029
600030
600031
600033
600036
600037
600038
600048
600050
600054
600057
600058
600060
600072
600073
600085
600089
600100
600104
600107
600118
600123
600125
600130
600138
600143
600150
600151
600153
600158
600170
600176
600183
600188
600192
600195
600198
600201
600210
600228
600230
600251
600258
600266
600268
600269
600270
600271
600284
600289
600298
600299
600300
600305
600308
600309
600312
600315
600316
600320
600323
600331
600340
600345
600350
600354
600359
600360
600361
600362
600371
600377
600383
600388
600391
600396
600398
600416
600423
600426
600428
600432
600436
600438
600446
600456
600463
600475
600479
600482
600485
600489
600495
600496
600497
600500
600502
600512
600519
600526
600528
600529
600535
600536
600540
600545
600547
600549
600550
600557
600563
600566
600570
600572
600583
600585
600598
600600
600601
600602
600612
600616
600636
600637
600649
600655
600660
600674
600675
600685
600690
600693
600694
600704
600707
600718
600723
600729
600750
600754
600764
600770
600776
600779
600785
600787
600795
600797
600801
600816
600820
600824
600825
600827
600838
600839
600845
600858
600859
600861
600875
600879
600885
600886
600887
600896
600900
600963
600970
600993
601001
601088
601111
601398
601600
601628
601699
601808
601857
601877
601939
601988
601991
603188
603288
603868
