000001
000006
000009
000014
000021
000023
000027
000031
000032
000039
000042
000043
000046
000050
000055
000059
000060
000061
000062
000063
000069
000088
000089
000090
000099
000151
000157
000159
000338
000402
000417
000421
000422
000423
000513
000516
000520
000525
000528
000531
000534
000538
000543
000559
000563
000564
000568
000600
000601
000616
000619
000623
000630
000636
000637
000651
000652
000659
000666
000668
000679
000685
000690
000700
000705
000709
000713
000715
000729
000731
000748
000756
000758
000759
000761
000778
000782
000786
000792
000793
000800
000801
000803
000811
000812
000819
000823
000825
000828
000839
000848
000850
000852
000858
000860
000862
000883
000888
000895
000900
000903
000911
000916
000919
000926
000933
000936
000937
000948
000957
000970
000983
000987
000988
000989
000998
002001
002003
002007
002010
002014
002024
002035
002046
002048
002049
002054
002056
002066
002105
002108
002126
002128
002139
002145
002151
002156
002176
002182
002193
002194
002202
002203
002215
002224
002242
002249
002250
002252
002256
002273
002274
002277
002296
002311
002317
002318
002322
002328
002342
002345
002352
002357
002367
002380
002388
002394
002395
002407
002410
002414
002421
002424
002434
002440
002443
002445
002447
002452
002453
002460
002465
002471
002476
002481
002484
002489
002490
002493
002497
002498
002508
002518
002534
002539
002543
002545
002546
002548
002559
002563
002574
002576
002583
002589
002590
002595
002612
002628
002639
002640
002644
002650
002651
002653
002657
002664
002666
002671
002676
002685
002697
002700
002705
002707
002715
002721
002733
002739
002748
002750
002751
002753
002767
300007
300012
300014
300015
300027
300029
300035
300041
300056
300058
300073
300078
300079
300088
300096
300097
300099
300118
300126
300133
300142
300144
300152
300154
300163
300167
300168
300174
300182
300192
300193
300197
300200
300217
300219
300222
300223
300224
300228
300233
300234
300236
300237
300241
300258
300260
300264
300283
300285
300287
300289
300290
300294
300295
300297
300304
300308
300315
300317
300319
300329
300331
300333
300341
300342
300345
300360
300363
300373
300375
300376
300377
300383
300384
300387
300392
300399
300402
300410
300415
300418
300422
300425
300432
300438
300441
300445
300446
300459
300475
300477
300481
600000
600005
600006
600007
600008
600009
600015
600016
600019
600028
600033
600035
600036
600037
600051
600055
600056
600058
600059
600064
600066
600067
600068
600070
600075
600078
600079
600085
600088
600089
600098
600100
600104
600106
600120
600123
600126
600128
600131
600132
600135
600137
600138
600141
600143
600153
600158
600160
600166
600168
600170
600171
600177
600183
600188
600189
600195
600196
600197
600200
600201
600210
600211
600216
600219
600226
600231
600233
600236
600241
600246
600250
600258
600267
600268
600269
600270
600272
600276
600279
600280
600289
600298
600300
600308
600309
600310
600315
600316
600322
600323
600330
600337
600356
600362
600363
600377
600382
600388
600400
600406
600418
600456
600475
600479
600481
600487
600500
600518
600519
600527
600533
600536
600537
600543
600557
600560
600561
600578
600596
600600
600601
600606
600608
600609
600616
600620
600621
600622
600624
600626
600628
600635
600636
600638
600640
600641
600642
600644
600647
600649
600651
600655
600657
600660
600662
600664
600665
600674
600675
600676
600682
600686
600688
600690
600694
600697
600702
600704
600708
600717
600719
600720
600729
600736
600741
600742
600748
600750
600755
600761
600764
600774
600778
600779
600782
600785
600787
600795
600797
600798
600805
600809
600810
600814
600815
600816
600820
600821
600823
600824
600825
600830
600834
600837
600846
600854
600857
600859
600860
600861
600863
600864
600865
600867
600874
600875
600880
600881
600884
600886
600887
600888
600895
600896
600897
600900
600958
600970
600976
600978
600980
600981
600983
600985
600987
600999
601000
601021
601126
601186
601199
601238
601318
601328
601377
601515
601607
601633
601857
601877
601908
601928
601929
601939
603002
603012
603017
603018
603021
603077
603223
603306
603308
603355
603368
603518
603558
603588
603589
603600
603609
603678
603686
603806
603898
603993
