000096
000153
000506
000521
000564
000593
000609
000632
000670
000682
000683
000692
000705
000707
000713
000735
000751
000782
000812
000821
000850
000880
000890
000892
002006
002040
002063
002076
002079
002084
002086
002122
002132
002135
002137
002154
002177
002194
002198
002201
002214
002216
002218
002222
002225
002232
002243
002274
002282
002286
002321
002330
002342
002348
002363
002388
002451
002452
002453
002476
002495
002514
002520
002545
002560
002566
002574
002575
002578
002586
002593
002604
002607
002613
002628
002632
002634
002637
002644
002652
002671
002708
002743
002750
300006
300022
300030
300040
300057
300067
300087
300091
300095
300107
300132
300135
300139
300151
300165
300175
300179
300192
300198
300205
300211
300217
300240
300247
300249
300261
300281
300283
300335
300345
300390
600075
600078
600080
600099
600130
600178
600192
600199
600207
600222
600232
600237
600257
600280
600290
600336
600353
600365
600370
600389
600448
600463
600467
600468
600493
600508
600526
600531
600543
600589
600592
600624
600628
600692
600693
600719
600727
600731
600735
600769
600784
600789
600794
600798
600805
600821
600834
600854
600858
600870
600888
600898
600960
600962
600966
600992
601008
601100
601208
601798
603011
603606
