000009
000055
000059
000568
000705
000715
000761
000803
000801
000819
000862
000911
000948
000957
000988
002035
002046
002056
002066
002105
002108
002126
002145
002156
002182
002193
002256
002273
002274
002296
002322
002367
002395
002460
002476
002490
002508
002518
002534
002543
002576
002590
002676
002685
002705
002715
002748
002753
002767
300014
300029
300035
300041
300073
300097
300118
300167
300174
300200
300223
300224
300236
300241
300258
300260
300264
300283
300341
300375
300377
300384
300402
300438
300446
300475
300477
300481
600051
600067
600075
600131
600135
600137
600197
600211
600241
600250
600272
600309
600330
600382
600537
600543
600560
600609
600608
600647
600702
600764
600774
600779
600805
600816
600821
600837
600854
600897
600976
600980
600985
603012
603017
603018
603021
603223
603306
603308
603355
603368
603518
603588
603589
603600
603678
603806
